-1.000000000000000000e+00
-1.000000000000000000e+00
-9.982910156250000000e-01
-9.936523437500000000e-01
-9.848632812500000000e-01
-9.677734375000000000e-01
-9.289550781250000000e-01
-8.828125000000000000e-01
-8.103027343750000000e-01
-7.458496093750000000e-01
-6.586914062500000000e-01
-5.476074218750000000e-01
-4.729003906250000000e-01
-3.842773437500000000e-01
-3.173828125000000000e-01
-2.475585937500000000e-01
-2.600097656250000000e-01
-2.380371093750000000e-01
-2.448730468750000000e-01
-2.634277343750000000e-01
-3.105468750000000000e-01
-3.327636718750000000e-01
-3.557128906250000000e-01
-3.410644531250000000e-01
-3.217773437500000000e-01
-2.570800781250000000e-01
-2.006835937500000000e-01
-1.010742187500000000e-01
3.686523437500000000e-02
1.533203125000000000e-01
2.895507812500000000e-01
4.150390625000000000e-01
5.109863281250000000e-01
5.964355468750000000e-01
6.911621093750000000e-01
7.265625000000000000e-01
7.492675781250000000e-01
7.678222656250000000e-01
7.680664062500000000e-01
7.590332031250000000e-01
7.678222656250000000e-01
7.778320312500000000e-01
7.858886718750000000e-01
7.927246093750000000e-01
8.151855468750000000e-01
8.234863281250000000e-01
8.327636718750000000e-01
8.315429687500000000e-01
8.161621093750000000e-01
7.844238281250000000e-01
7.734375000000000000e-01
