1.000000000000000000e+00
1.000000000000000000e+00
9.985351562500000000e-01
9.958496093750000000e-01
9.829101562500000000e-01
9.682617187500000000e-01
9.284667968750000000e-01
8.935546875000000000e-01
8.176269531250000000e-01
7.399902343750000000e-01
6.650390625000000000e-01
5.581054687500000000e-01
4.741210937500000000e-01
3.798828125000000000e-01
3.310546875000000000e-01
2.546386718750000000e-01
2.575683593750000000e-01
2.429199218750000000e-01
2.644042968750000000e-01
2.639160156250000000e-01
2.995605468750000000e-01
3.457031250000000000e-01
3.378906250000000000e-01
3.483886718750000000e-01
3.347167968750000000e-01
2.690429687500000000e-01
1.901855468750000000e-01
9.887695312500000000e-02
-3.784179687500000000e-02
-1.596679687500000000e-01
-2.878417968750000000e-01
-4.196777343750000000e-01
-5.029296875000000000e-01
-5.893554687500000000e-01
-6.892089843750000000e-01
-7.268066406250000000e-01
-7.509765625000000000e-01
-7.683105468750000000e-01
-7.673339843750000000e-01
-7.580566406250000000e-01
-7.661132812500000000e-01
-7.780761718750000000e-01
-7.880859375000000000e-01
-7.932128906250000000e-01
-8.132324218750000000e-01
-8.200683593750000000e-01
-8.305664062500000000e-01
-8.332519531250000000e-01
-8.161621093750000000e-01
-7.817382812500000000e-01
-7.622070312500000000e-01
