-1.000000000000000000e+00
-9.748535156250000000e-01
-9.030761718750000000e-01
-8.193359375000000000e-01
-6.708984375000000000e-01
-5.336914062500000000e-01
-3.962402343750000000e-01
-2.480468750000000000e-01
-1.611328125000000000e-01
-8.276367187500000000e-02
-3.955078125000000000e-02
-4.638671875000000000e-03
-9.765625000000000000e-04
-2.734375000000000000e-02
-6.250000000000000000e-02
-1.213378906250000000e-01
-1.325683593750000000e-01
-1.567382812500000000e-01
-1.564941406250000000e-01
-1.628417968750000000e-01
-1.469726562500000000e-01
-1.188964843750000000e-01
-1.132812500000000000e-01
-1.044921875000000000e-01
-8.715820312500000000e-02
-8.984375000000000000e-02
-1.049804687500000000e-01
-1.091308593750000000e-01
-1.464843750000000000e-01
-1.193847656250000000e-01
-8.764648437500000000e-02
-4.077148437500000000e-02
3.466796875000000000e-02
1.379394531250000000e-01
2.570800781250000000e-01
3.950195312500000000e-01
5.241699218750000000e-01
6.550292968750000000e-01
7.429199218750000000e-01
8.154296875000000000e-01
8.320312500000000000e-01
8.012695312500000000e-01
7.341308593750000000e-01
6.286621093750000000e-01
4.936523437500000000e-01
3.540039062500000000e-01
1.970214843750000000e-01
9.008789062500000000e-02
-2.050781250000000000e-02
-8.056640625000000000e-02
-1.166992187500000000e-01
