-1.000000000000000000e+00
-1.000000000000000000e+00
-9.997558593750000000e-01
-9.997558593750000000e-01
-9.990234375000000000e-01
-9.973144531250000000e-01
-9.907226562500000000e-01
-9.865722656250000000e-01
-9.809570312500000000e-01
-9.565429687500000000e-01
-9.426269531250000000e-01
-9.025878906250000000e-01
-8.464355468750000000e-01
-7.797851562500000000e-01
-6.970214843750000000e-01
-5.832519531250000000e-01
-4.616699218750000000e-01
-3.220214843750000000e-01
-1.777343750000000000e-01
-5.004882812500000000e-02
1.262207031250000000e-01
2.641601562500000000e-01
4.274902343750000000e-01
5.600585937500000000e-01
6.638183593750000000e-01
7.717285156250000000e-01
8.259277343750000000e-01
8.784179687500000000e-01
9.140625000000000000e-01
9.216308593750000000e-01
9.294433593750000000e-01
9.138183593750000000e-01
8.962402343750000000e-01
8.791503906250000000e-01
8.627929687500000000e-01
8.442382812500000000e-01
8.344726562500000000e-01
8.222656250000000000e-01
8.344726562500000000e-01
8.217773437500000000e-01
8.178710937500000000e-01
8.107910156250000000e-01
8.212890625000000000e-01
7.946777343750000000e-01
7.946777343750000000e-01
7.871093750000000000e-01
7.629394531250000000e-01
7.226562500000000000e-01
7.104492187500000000e-01
6.499023437500000000e-01
6.274414062500000000e-01
