1.000000000000000000e+00
9.748535156250000000e-01
9.028320312500000000e-01
8.173828125000000000e-01
6.718750000000000000e-01
5.346679687500000000e-01
3.947753906250000000e-01
2.363281250000000000e-01
1.560058593750000000e-01
7.617187500000000000e-02
3.393554687500000000e-02
-4.394531250000000000e-03
1.000976562500000000e-02
3.173828125000000000e-02
6.323242187500000000e-02
1.127929687500000000e-01
1.252441406250000000e-01
1.520996093750000000e-01
1.513671875000000000e-01
1.704101562500000000e-01
1.652832031250000000e-01
1.201171875000000000e-01
1.164550781250000000e-01
9.814453125000000000e-02
8.154296875000000000e-02
8.007812500000000000e-02
1.184082031250000000e-01
1.186523437500000000e-01
1.347656250000000000e-01
1.218261718750000000e-01
8.178710937500000000e-02
3.881835937500000000e-02
-4.492187500000000000e-02
-1.381835937500000000e-01
-2.517089843750000000e-01
-3.923339843750000000e-01
-5.161132812500000000e-01
-6.445312500000000000e-01
-7.558593750000000000e-01
-8.071289062500000000e-01
-8.251953125000000000e-01
-7.966308593750000000e-01
-7.412109375000000000e-01
-6.218261718750000000e-01
-5.002441406250000000e-01
-3.552246093750000000e-01
-2.041015625000000000e-01
-8.154296875000000000e-02
2.221679687500000000e-02
8.056640625000000000e-02
9.814453125000000000e-02
