1.000000000000000000e+00
1.000000000000000000e+00
9.997558593750000000e-01
9.995117187500000000e-01
9.980468750000000000e-01
9.982910156250000000e-01
9.941406250000000000e-01
9.909667968750000000e-01
9.802246093750000000e-01
9.675292968750000000e-01
9.409179687500000000e-01
9.020996093750000000e-01
8.352050781250000000e-01
7.763671875000000000e-01
6.821289062500000000e-01
5.842285156250000000e-01
4.738769531250000000e-01
3.247070312500000000e-01
1.613769531250000000e-01
4.101562500000000000e-02
-1.311035156250000000e-01
-2.827148437500000000e-01
-4.128417968750000000e-01
-5.615234375000000000e-01
-6.721191406250000000e-01
-7.700195312500000000e-01
-8.273925781250000000e-01
-8.842773437500000000e-01
-9.047851562500000000e-01
-9.211425781250000000e-01
-9.267578125000000000e-01
-9.077148437500000000e-01
-8.964843750000000000e-01
-8.864746093750000000e-01
-8.696289062500000000e-01
-8.466796875000000000e-01
-8.408203125000000000e-01
-8.322753906250000000e-01
-8.232421875000000000e-01
-8.315429687500000000e-01
-8.273925781250000000e-01
-8.142089843750000000e-01
-8.139648437500000000e-01
-7.985839843750000000e-01
-7.929687500000000000e-01
-7.888183593750000000e-01
-7.585449218750000000e-01
-7.319335937500000000e-01
-7.048339843750000000e-01
-6.501464843750000000e-01
-6.176757812500000000e-01
