1.000000000000000000e+00
9.760742187500000000e-01
9.079589843750000000e-01
8.085937500000000000e-01
6.750488281250000000e-01
5.305175781250000000e-01
3.959960937500000000e-01
2.629394531250000000e-01
1.428222656250000000e-01
5.566406250000000000e-02
3.002929687500000000e-02
9.765625000000000000e-04
6.835937500000000000e-03
3.857421875000000000e-02
6.469726562500000000e-02
1.018066406250000000e-01
1.479492187500000000e-01
1.611328125000000000e-01
1.533203125000000000e-01
1.486816406250000000e-01
1.384277343750000000e-01
