1.000000000000000000e+00
9.882812500000000000e-01
9.570312500000000000e-01
8.535156250000000000e-01
7.812500000000000000e-01
6.679687500000000000e-01
5.078125000000000000e-01
3.789062500000000000e-01
2.539062500000000000e-01
5.664062500000000000e-02
2.539062500000000000e-02
-1.523437500000000000e-01
-2.246093750000000000e-01
-3.671875000000000000e-01
-4.648437500000000000e-01
-5.214843750000000000e-01
-6.015625000000000000e-01
-5.292968750000000000e-01
-5.449218750000000000e-01
-5.683593750000000000e-01
-4.746093750000000000e-01
