1.000000000000000000e+00
9.921875000000000000e-01
9.589843750000000000e-01
8.730468750000000000e-01
7.578125000000000000e-01
6.582031250000000000e-01
5.859375000000000000e-01
4.824218750000000000e-01
3.359375000000000000e-01
2.988281250000000000e-01
1.484375000000000000e-01
5.273437500000000000e-02
-4.296875000000000000e-02
-1.562500000000000000e-01
-2.382812500000000000e-01
-2.753906250000000000e-01
-3.125000000000000000e-01
-3.964843750000000000e-01
-3.417968750000000000e-01
-3.964843750000000000e-01
-3.320312500000000000e-01
