1.000000000000000000e+00
9.824218750000000000e-01
9.570312500000000000e-01
8.671875000000000000e-01
7.929687500000000000e-01
6.601562500000000000e-01
5.664062500000000000e-01
3.515625000000000000e-01
2.812500000000000000e-01
4.882812500000000000e-02
-3.125000000000000000e-02
-1.386718750000000000e-01
-3.398437500000000000e-01
-3.808593750000000000e-01
-4.589843750000000000e-01
-4.941406250000000000e-01
-5.527343750000000000e-01
-6.367187500000000000e-01
-5.703125000000000000e-01
-5.820312500000000000e-01
-5.097656250000000000e-01
