1.000000000000000000e+00
9.843750000000000000e-01
9.316406250000000000e-01
8.867187500000000000e-01
7.500000000000000000e-01
6.718750000000000000e-01
4.960937500000000000e-01
3.808593750000000000e-01
2.460937500000000000e-01
9.765625000000000000e-02
-1.562500000000000000e-02
-1.113281250000000000e-01
-2.851562500000000000e-01
-3.886718750000000000e-01
-4.082031250000000000e-01
-5.195312500000000000e-01
-5.332031250000000000e-01
-5.996093750000000000e-01
-5.585937500000000000e-01
-5.566406250000000000e-01
-5.195312500000000000e-01
