-1.000000000000000000e+00
-9.758300781250000000e-01
-9.079589843750000000e-01
-8.098144531250000000e-01
-6.755371093750000000e-01
-5.322265625000000000e-01
-3.967285156250000000e-01
-2.724609375000000000e-01
-1.433105468750000000e-01
-6.542968750000000000e-02
-1.928710937500000000e-02
4.394531250000000000e-03
-1.708984375000000000e-03
-1.147460937500000000e-02
-7.104492187500000000e-02
-1.140136718750000000e-01
-1.467285156250000000e-01
-1.484375000000000000e-01
-1.594238281250000000e-01
-1.484375000000000000e-01
-1.418457031250000000e-01
