1.000000000000000000e+00
9.824218750000000000e-01
9.394531250000000000e-01
8.535156250000000000e-01
8.066406250000000000e-01
7.031250000000000000e-01
6.152343750000000000e-01
4.179687500000000000e-01
3.632812500000000000e-01
2.070312500000000000e-01
8.789062500000000000e-02
-2.539062500000000000e-02
-1.191406250000000000e-01
-1.464843750000000000e-01
-2.363281250000000000e-01
-2.832031250000000000e-01
-3.281250000000000000e-01
-3.359375000000000000e-01
-3.847656250000000000e-01
-3.496093750000000000e-01
-3.457031250000000000e-01
