1.000000000000000000e+00
9.941406250000000000e-01
9.296875000000000000e-01
8.652343750000000000e-01
7.832031250000000000e-01
7.031250000000000000e-01
5.644531250000000000e-01
4.101562500000000000e-01
2.460937500000000000e-01
8.203125000000000000e-02
-1.953125000000000000e-02
-1.640625000000000000e-01
-2.558593750000000000e-01
-3.769531250000000000e-01
-4.785156250000000000e-01
-5.312500000000000000e-01
-5.488281250000000000e-01
-5.527343750000000000e-01
-5.761718750000000000e-01
-5.175781250000000000e-01
-5.078125000000000000e-01
