1.000000000000000000e+00
9.785156250000000000e-01
9.511718750000000000e-01
8.769531250000000000e-01
7.871093750000000000e-01
6.484375000000000000e-01
5.742187500000000000e-01
3.886718750000000000e-01
2.421875000000000000e-01
1.308593750000000000e-01
-7.812500000000000000e-03
-1.699218750000000000e-01
-3.007812500000000000e-01
-3.554687500000000000e-01
-4.765625000000000000e-01
-5.371093750000000000e-01
-5.136718750000000000e-01
-5.605468750000000000e-01
-5.585937500000000000e-01
-5.566406250000000000e-01
-5.000000000000000000e-01
