1.000000000000000000e+00
9.863281250000000000e-01
9.257812500000000000e-01
8.730468750000000000e-01
7.832031250000000000e-01
6.757812500000000000e-01
5.410156250000000000e-01
3.886718750000000000e-01
2.714843750000000000e-01
1.308593750000000000e-01
-5.078125000000000000e-02
-1.445312500000000000e-01
-2.851562500000000000e-01
-3.613281250000000000e-01
-4.492187500000000000e-01
-5.234375000000000000e-01
-5.917968750000000000e-01
-5.253906250000000000e-01
-5.839843750000000000e-01
-5.156250000000000000e-01
-4.609375000000000000e-01
