-1.000000000000000000e+00
-1.000000000000000000e+00
-9.997558593750000000e-01
-9.997558593750000000e-01
-9.987792968750000000e-01
-9.953613281250000000e-01
-9.965820312500000000e-01
-9.882812500000000000e-01
-9.816894531250000000e-01
-9.616699218750000000e-01
-9.372558593750000000e-01
-8.996582031250000000e-01
-8.527832031250000000e-01
-7.851562500000000000e-01
-7.048339843750000000e-01
-5.893554687500000000e-01
-4.863281250000000000e-01
-3.205566406250000000e-01
-1.840820312500000000e-01
-4.833984375000000000e-02
1.284179687500000000e-01
