1.000000000000000000e+00
9.921875000000000000e-01
9.492187500000000000e-01
8.906250000000000000e-01
8.007812500000000000e-01
6.855468750000000000e-01
6.113281250000000000e-01
5.058593750000000000e-01
3.515625000000000000e-01
2.324218750000000000e-01
1.035156250000000000e-01
3.320312500000000000e-02
-6.835937500000000000e-02
-1.367187500000000000e-01
-2.070312500000000000e-01
-2.949218750000000000e-01
-2.734375000000000000e-01
-3.906250000000000000e-01
-3.671875000000000000e-01
-3.769531250000000000e-01
-3.300781250000000000e-01
