1.000000000000000000e+00
9.863281250000000000e-01
9.472656250000000000e-01
8.808593750000000000e-01
7.949218750000000000e-01
6.445312500000000000e-01
5.878906250000000000e-01
4.394531250000000000e-01
2.421875000000000000e-01
8.984375000000000000e-02
-3.906250000000000000e-02
-2.109375000000000000e-01
-3.105468750000000000e-01
-3.652343750000000000e-01
-4.628906250000000000e-01
-5.273437500000000000e-01
-5.410156250000000000e-01
-6.054687500000000000e-01
-5.742187500000000000e-01
-5.390625000000000000e-01
-5.039062500000000000e-01
