1.000000000000000000e+00
9.824218750000000000e-01
9.492187500000000000e-01
8.906250000000000000e-01
7.734375000000000000e-01
7.070312500000000000e-01
5.136718750000000000e-01
3.281250000000000000e-01
2.910156250000000000e-01
1.191406250000000000e-01
-2.148437500000000000e-02
-1.796875000000000000e-01
-2.890625000000000000e-01
-3.398437500000000000e-01
-4.492187500000000000e-01
-5.546875000000000000e-01
-5.917968750000000000e-01
-5.488281250000000000e-01
-6.074218750000000000e-01
-5.195312500000000000e-01
-4.824218750000000000e-01
