1.000000000000000000e+00
9.824218750000000000e-01
9.531250000000000000e-01
8.671875000000000000e-01
7.617187500000000000e-01
6.718750000000000000e-01
5.742187500000000000e-01
4.082031250000000000e-01
2.246093750000000000e-01
1.093750000000000000e-01
-3.710937500000000000e-02
-1.855468750000000000e-01
-2.753906250000000000e-01
-3.847656250000000000e-01
-4.980468750000000000e-01
-5.468750000000000000e-01
-5.996093750000000000e-01
-5.898437500000000000e-01
-5.390625000000000000e-01
-5.507812500000000000e-01
-5.175781250000000000e-01
