1.000000000000000000e+00
9.843750000000000000e-01
9.433593750000000000e-01
8.808593750000000000e-01
8.066406250000000000e-01
6.738281250000000000e-01
5.742187500000000000e-01
4.667968750000000000e-01
3.066406250000000000e-01
2.480468750000000000e-01
1.464843750000000000e-01
5.664062500000000000e-02
-2.734375000000000000e-02
-1.777343750000000000e-01
-2.167968750000000000e-01
-2.792968750000000000e-01
-2.988281250000000000e-01
-3.066406250000000000e-01
-3.730468750000000000e-01
-3.496093750000000000e-01
-3.261718750000000000e-01
