1.000000000000000000e+00
9.882812500000000000e-01
9.570312500000000000e-01
8.750000000000000000e-01
7.812500000000000000e-01
7.070312500000000000e-01
5.605468750000000000e-01
4.531250000000000000e-01
3.730468750000000000e-01
2.167968750000000000e-01
1.347656250000000000e-01
5.273437500000000000e-02
-3.320312500000000000e-02
-1.562500000000000000e-01
-2.480468750000000000e-01
-3.046875000000000000e-01
-3.945312500000000000e-01
-3.437500000000000000e-01
-3.496093750000000000e-01
-3.300781250000000000e-01
-3.417968750000000000e-01
