1.000000000000000000e+00
1.000000000000000000e+00
9.995117187500000000e-01
1.000000000000000000e+00
9.987792968750000000e-01
9.973144531250000000e-01
9.934082031250000000e-01
9.880371093750000000e-01
9.782714843750000000e-01
9.692382812500000000e-01
9.399414062500000000e-01
9.006347656250000000e-01
8.496093750000000000e-01
7.758789062500000000e-01
6.989746093750000000e-01
6.044921875000000000e-01
4.853515625000000000e-01
3.281250000000000000e-01
1.752929687500000000e-01
3.100585937500000000e-02
-1.403808593750000000e-01
