1.000000000000000000e+00
9.882812500000000000e-01
9.472656250000000000e-01
8.867187500000000000e-01
7.656250000000000000e-01
6.425781250000000000e-01
5.722656250000000000e-01
4.042968750000000000e-01
2.421875000000000000e-01
7.617187500000000000e-02
-4.492187500000000000e-02
-1.894531250000000000e-01
-3.144531250000000000e-01
-4.023437500000000000e-01
-4.589843750000000000e-01
-5.410156250000000000e-01
-5.703125000000000000e-01
-5.683593750000000000e-01
-5.625000000000000000e-01
-5.273437500000000000e-01
-5.156250000000000000e-01
