1.000000000000000000e+00
9.902343750000000000e-01
9.335937500000000000e-01
8.847656250000000000e-01
7.910156250000000000e-01
6.582031250000000000e-01
5.859375000000000000e-01
3.808593750000000000e-01
2.167968750000000000e-01
1.425781250000000000e-01
-1.367187500000000000e-02
-1.289062500000000000e-01
-2.441406250000000000e-01
-3.769531250000000000e-01
-4.980468750000000000e-01
-5.019531250000000000e-01
-5.488281250000000000e-01
-5.527343750000000000e-01
-5.839843750000000000e-01
-5.312500000000000000e-01
-5.253906250000000000e-01
