1.000000000000000000e+00
9.804687500000000000e-01
9.492187500000000000e-01
8.769531250000000000e-01
8.007812500000000000e-01
6.777343750000000000e-01
5.878906250000000000e-01
4.765625000000000000e-01
3.378906250000000000e-01
2.246093750000000000e-01
9.765625000000000000e-02
2.734375000000000000e-02
1.953125000000000000e-03
-1.328125000000000000e-01
-2.265625000000000000e-01
-2.773437500000000000e-01
-3.437500000000000000e-01
-2.890625000000000000e-01
-3.222656250000000000e-01
-3.613281250000000000e-01
-3.496093750000000000e-01
