1.000000000000000000e+00
9.997558593750000000e-01
9.992675781250000000e-01
9.963378906250000000e-01
9.841308593750000000e-01
9.621582031250000000e-01
9.228515625000000000e-01
8.813476562500000000e-01
8.178710937500000000e-01
7.373046875000000000e-01
6.499023437500000000e-01
5.598144531250000000e-01
4.680175781250000000e-01
3.830566406250000000e-01
3.095703125000000000e-01
2.670898437500000000e-01
2.277832031250000000e-01
2.238769531250000000e-01
2.629394531250000000e-01
2.761230468750000000e-01
3.105468750000000000e-01
