-1.000000000000000000e+00
-1.000000000000000000e+00
-9.995117187500000000e-01
-9.948730468750000000e-01
-9.841308593750000000e-01
-9.580078125000000000e-01
-9.218750000000000000e-01
-8.750000000000000000e-01
-8.134765625000000000e-01
-7.336425781250000000e-01
-6.584472656250000000e-01
-5.642089843750000000e-01
-4.724121093750000000e-01
-4.086914062500000000e-01
-2.978515625000000000e-01
-2.690429687500000000e-01
-2.285156250000000000e-01
-2.416992187500000000e-01
-2.519531250000000000e-01
-2.590332031250000000e-01
-2.897949218750000000e-01
