1.000000000000000000e+00
9.804687500000000000e-01
9.414062500000000000e-01
8.886718750000000000e-01
7.812500000000000000e-01
6.542968750000000000e-01
5.097656250000000000e-01
4.335937500000000000e-01
2.558593750000000000e-01
8.398437500000000000e-02
1.953125000000000000e-02
-1.777343750000000000e-01
-2.832031250000000000e-01
-4.140625000000000000e-01
-4.394531250000000000e-01
-5.312500000000000000e-01
-5.468750000000000000e-01
-5.527343750000000000e-01
-5.683593750000000000e-01
-5.605468750000000000e-01
-5.136718750000000000e-01
